33 16, 33 17, 34 16, 33 18, 34 17, 35 16, 33 19, 34 18, 35 17, 36 16, 33 20, 34 19, 36 17, 37 16, 34 20, 36 18, 37 17, 36 19, 37 18, 37 19, 37 20, 38 20, 38 21, 39 20, 39 21, 40 20, 40 19, 40 18, 41 19, 40 17, 41 18, 40 16, 41 17, 41 16

34 10, 35 10, 35 9, 36 9, 37 9, 37 8, 38 8, 39 8, 40 8, 41 8, 42 8, 43 8, 44 8, 45 8, 46 8, 47 8, 48 8, 49 8, 50 8, 51 8, 52 8, 53 8, 54 8, 55 8, 56 8, 57 8, 58 8, 59 8, 59 7, 60 8, 60 7, 61 8, 61 7, 62 8, 62 7, 63 8, 63 7, 64 8, 64 7, 65 8, 65 7, 66 8, 66 7, 67 8, 67 7, 68 8, 68 7, 69 8, 69 7, 70 8, 70 7, 71 8, 71 7, 72 8, 72 7, 73 8, 73 7, 74 8, 74 7, 75 8, 75 7, 76 8, 76 7, 77 8, 77 7, 78 8, 78 7, 79 8, 79 7, 80 8, 80 7, 81 8, 81 7, 82 8, 82 7, 83 8, 83 7, 84 8, 84 7, 85 8, 85 7, 86 8, 86 7, 87 8, 87 7, 88 8, 89 8, 90 8, 91 8

34 26, 34 27, 35 26, 35 27, 35 25, 36 27, 36 25, 37 27, 36 24, 38 27, 37 24, 39 27, 38 24, 39 26, 39 28, 40 27, 38 23, 39 24, 39 25, 39 29, 40 28, 41 27, 39 23

34 32, 34 33, 35 32, 34 34, 35 33, 35 31, 36 32, 34 35, 36 31, 37 32, 37 31, 37 33, 38 32, 38 31, 37 34, 38 33, 39 31, 38 34, 40 31, 38 35, 41 31, 39 35, 41 32, 39 36, 40 35, 41 33, 42 32, 40 36, 41 35, 41 34, 42 33, 42 34

35 47, 35 48, 35 49, 35 50, 35 51, 36 51, 37 51, 37 52, 38 51, 38 50, 39 51, 39 50, 40 50, 40 49, 41 49, 41 48, 42 49, 42 48, 42 50, 42 47, 42 51, 42 52

35 56, 35 57, 36 56, 36 57, 36 55, 37 57, 36 54, 38 57, 39 57, 39 56, 40 57, 40 56, 41 57, 41 56, 42 57, 42 56, 42 58, 43 57, 42 55, 43 56, 42 59, 43 58, 42 54, 43 55, 43 59, 43 54

36 71, 36 72, 37 71, 36 73, 38 71, 36 74, 39 71, 37 74, 39 70, 39 72, 40 71, 39 73, 40 72, 40 73, 40 74, 41 74, 41 75, 42 74, 43 74, 43 73, 43 72, 43 71, 44 72, 43 70, 44 71

36 78, 36 79, 37 78, 36 80, 37 79, 37 77, 37 80, 37 81, 38 81, 39 81, 40 81, 40 80, 41 80, 41 79, 42 79, 42 78, 43 79, 43 78, 43 80, 44 79, 43 77, 44 78, 44 80, 44 77, 44 81, 44 82

37 85, 37 86, 38 85, 37 87, 38 86, 38 84, 38 87, 39 86, 39 87, 40 86, 40 87, 41 86, 41 87, 42 86, 42 87, 43 86, 43 87, 44 86, 44 87, 44 85, 44 88, 44 84

38 104, 38 105, 39 104, 38 106, 39 103, 40 104, 38 107, 40 103, 41 104, 41 103, 41 105, 41 106, 41 107, 42 106, 42 107, 43 107, 44 107, 44 106, 45 106, 45 105, 45 104, 45 103

38 112, 38 113, 39 112, 38 114, 39 113, 40 112, 39 114, 40 113, 40 111, 40 114, 41 113, 41 111, 41 114, 42 113, 41 110, 42 114, 43 113, 42 110, 43 114, 43 112, 44 113, 43 110, 43 115, 44 114, 43 111, 44 112, 45 113, 43 109, 44 110, 44 115, 44 111, 44 109

40 123

41 124, 42 124, 43 124, 44 124, 44 125, 45 125, 46 125, 47 125, 48 125, 49 125, 50 125, 50 124, 51 125, 51 124, 52 125, 52 124, 53 125, 53 124, 54 125, 54 124, 55 125, 55 124, 56 125, 56 124, 57 124, 58 124, 59 124, 60 124, 61 124, 62 124, 63 124, 64 124, 65 124, 66 124, 67 124, 68 124, 69 124, 70 124, 70 123, 71 124, 71 123, 72 124, 72 123, 73 124, 73 123, 74 124, 74 123, 75 123, 76 123, 77 123, 78 123, 79 123, 80 123, 81 123, 82 123, 83 123, 84 123, 85 123, 86 123, 87 123, 88 123, 89 123, 90 123, 90 122, 91 123, 91 122, 92 122, 93 122, 94 122

51 21, 51 22, 52 21, 51 23, 52 22, 52 20, 52 23, 53 22, 53 23, 54 22, 54 23, 55 22, 55 23, 56 22, 56 23, 57 22, 57 23, 58 22, 58 23, 58 21, 58 24, 58 20

51 28, 51 29, 52 28, 51 30, 52 27, 52 30, 52 31, 53 31, 54 31, 55 31, 55 30, 56 30, 56 29, 57 29, 57 28, 58 29, 58 28, 58 30, 59 29, 58 27, 59 28, 58 31, 59 30, 59 27, 59 31, 59 32

52 48, 52 49, 53 48, 52 50, 53 47, 53 50, 54 47, 53 51, 54 46, 55 47, 54 51, 55 46, 56 47, 55 51, 56 48, 56 51, 56 49, 56 50, 57 51, 58 51, 58 50, 59 50, 59 49, 59 48, 59 47, 60 48, 60 47

53 55, 53 56, 54 55, 53 57, 54 54, 53 58, 55 54, 56 54, 56 55, 57 54, 56 56, 58 54, 56 57, 59 54, 56 58, 59 55, 57 58, 60 55, 58 58, 60 56, 58 59, 59 58, 60 57, 60 58

53 73, 53 74, 54 73, 53 75, 54 74, 54 75, 54 76, 54 77, 54 78, 55 77, 56 77, 56 76, 57 76, 58 76, 58 75, 59 75, 60 75, 60 74, 61 74

54 80, 54 81, 55 80, 54 82, 55 81, 56 80, 54 83, 56 81, 54 84, 57 81, 55 84, 57 82, 58 81, 56 84, 57 83, 58 82, 58 80, 58 83, 59 80, 58 84, 60 80, 59 84, 60 81, 61 80, 60 84, 61 81, 61 84, 61 82, 61 83

55 99, 55 100, 56 99, 55 101, 56 100, 57 99, 55 102, 57 100, 58 99, 55 103, 58 100, 58 101, 58 102, 58 103, 59 102, 59 103, 60 103, 61 103, 61 102, 62 102, 62 101, 62 100, 62 99, 61 99

55 106, 55 107, 56 106, 55 108, 56 107, 57 106, 55 109, 57 107, 58 106, 55 110, 58 107, 58 108, 58 109, 59 109, 59 110, 60 109, 60 110, 61 109, 61 110, 62 109, 62 108, 62 107, 62 106

55 115, 55 116, 56 115, 56 116, 56 114, 57 116, 57 114, 58 116, 58 114, 59 116, 58 113, 60 116, 59 113, 60 115, 60 117, 61 116, 59 112, 60 113, 60 114, 61 115, 61 117, 62 116, 60 112, 61 113, 61 114, 62 115, 61 112

68 19, 68 20, 69 19, 68 21, 69 20, 68 22, 69 21, 68 23, 69 22, 68 24, 69 23, 69 24, 70 23, 70 24, 71 23, 72 23, 72 22, 73 22, 74 22, 74 21, 75 21, 76 21, 76 20

68 29, 69 29, 69 28, 69 30, 69 27, 69 31, 70 27, 70 31, 70 26, 71 27, 71 31, 71 26, 72 27, 72 31, 72 28, 72 30, 73 31, 72 29, 73 28, 74 31, 73 29, 75 31, 75 30, 75 29, 76 29, 76 28, 76 27, 75 27

69 47, 69 48, 70 47, 69 49, 70 48, 71 47, 70 49, 72 47, 70 50, 72 48, 73 47, 70 51, 73 48, 73 49, 73 50, 74 50, 74 51, 75 50, 75 51, 76 50, 76 49, 77 49, 77 48, 77 47, 76 47

70 56, 70 57, 71 56, 71 57, 71 55, 72 57, 72 55, 73 57, 72 54, 74 57, 73 54, 75 57, 74 54, 75 56, 75 58, 76 57, 74 53, 75 54, 75 55, 77 57, 75 53

70 78, 70 79, 71 78, 71 79, 71 77, 71 80, 71 76, 72 77, 72 80, 72 76, 73 77, 73 80, 73 76, 74 77, 73 79, 74 78, 75 77, 74 79, 75 76, 75 79, 76 76, 75 80, 77 76, 76 80, 77 77, 77 80, 78 77, 77 79, 78 78, 78 79

71 104, 72 104, 72 103, 73 104, 72 102, 74 104, 73 102, 75 104, 76 104, 77 104, 78 104, 78 103, 78 105, 78 102, 78 106, 79 105, 79 106

71 110, 71 111, 72 110, 72 111, 72 109, 72 112, 73 112, 74 112, 75 112, 75 111, 76 111, 76 110, 77 110, 77 109, 78 110, 78 109, 78 111, 79 110, 78 108, 79 109, 78 112, 79 111, 79 108, 79 112, 79 113

86 20, 86 21, 87 20, 86 22, 88 20, 86 23, 88 19, 89 20, 86 24, 89 19, 89 21, 90 20, 90 19, 89 22, 91 20, 91 19, 89 23, 92 20, 89 24, 90 23, 92 21, 93 20, 90 24, 93 21, 91 24, 93 22, 92 24, 93 23, 92 23

86 29, 86 30, 87 29, 87 30, 87 28, 88 30, 88 28, 89 30, 88 27, 90 30, 89 27, 91 30, 90 27, 91 29, 91 31, 92 30, 90 26, 91 27, 91 28, 91 32, 93 30, 91 26

86 46, 86 47, 87 46, 86 48, 86 49, 87 49, 87 50, 88 50, 89 50, 89 49, 90 50, 89 48, 90 49, 91 50, 89 47, 90 48, 91 51, 92 50, 90 47, 92 51, 93 50, 93 49, 93 48, 93 47, 94 48, 93 46, 94 47

86 53, 87 53, 87 54, 87 55, 87 56, 87 57, 87 58, 88 57, 89 57, 89 56, 90 56, 91 56, 91 55, 92 55, 93 55, 93 54, 94 54

87 73, 87 74, 88 73, 87 75, 88 72, 87 76, 89 72, 88 76, 90 72, 89 76, 90 73, 89 77, 90 76, 91 73, 90 77, 91 76, 91 74, 91 75, 92 76, 93 76, 93 75, 94 75, 94 74, 94 73, 94 72

87 80, 87 81, 88 80, 87 82, 88 79, 88 82, 89 79, 88 83, 90 79, 89 83, 90 80, 90 83, 90 81, 91 80, 90 82, 91 81, 92 80, 91 82, 92 79, 92 82, 93 79, 92 83, 94 79, 93 83, 94 80, 94 83, 94 81, 94 82, 95 81

88 102, 88 103, 89 102, 88 104, 89 101, 90 102, 88 105, 90 101, 91 102, 89 105, 91 103, 92 102, 90 105, 91 104, 92 103, 92 101, 92 104, 93 101, 92 105, 94 101, 93 105, 95 101, 94 105, 95 102, 94 104, 95 103, 95 104

88 108, 88 109, 89 108, 88 110, 90 108, 88 111, 90 107, 91 108, 89 111, 91 107, 92 108, 89 112, 90 111, 92 109, 90 112, 91 111, 92 110, 91 112, 92 111, 92 112, 93 111, 93 112, 94 111, 94 110, 95 110, 95 109, 95 108

92 9, 93 9

94 10

95 121, 96 121

97 120

183 131

183 134, 183 135, 184 134, 184 135, 185 134, 185 135, 185 133, 186 134, 186 135, 185 132, 186 133, 187 134, 187 135, 185 131, 186 132, 187 133, 188 134, 188 135, 185 130, 186 131, 187 132, 188 133, 189 134, 189 135, 185 129, 184 130, 186 130, 187 131, 188 132, 189 133, 190 134, 190 135, 186 129, 187 130, 188 131, 189 132, 190 133, 191 134, 191 135, 186 128, 187 129, 188 130, 189 131, 190 132, 191 133, 192 134, 192 135, 186 127, 187 128, 188 129, 189 130, 190 131, 191 132, 192 133, 193 134, 193 135, 186 126, 187 127, 188 128, 189 129, 190 130, 191 131, 192 132, 193 133, 194 134, 194 135, 187 126, 188 127, 189 128, 190 129, 191 130, 192 131, 193 132, 194 133, 195 134, 195 135, 188 126, 189 127, 190 128, 191 129, 192 130, 193 131, 194 132, 195 133, 196 134, 196 135, 188 125, 189 126, 190 127, 191 128, 192 129, 193 130, 194 131, 195 132, 196 133, 197 134, 197 135, 188 124, 189 125, 190 126, 191 127, 192 128, 193 129, 194 130, 195 131, 196 132, 197 133, 198 134, 198 135, 188 123, 187 124, 189 124, 190 125, 191 126, 192 127, 193 128, 194 129, 195 130, 196 131, 197 132, 198 133, 199 134, 199 135, 188 122, 187 123, 189 123, 190 124, 191 125, 192 126, 193 127, 194 128, 195 129, 196 130, 197 131, 198 132, 199 133, 200 134, 200 135, 188 121, 189 122, 190 123, 191 124, 192 125, 193 126, 194 127, 195 128, 196 129, 197 130, 198 131, 199 132, 200 133, 201 134, 201 135, 189 121, 190 122, 191 123, 192 124, 193 125, 194 126, 195 127, 196 128, 197 129, 198 130, 199 131, 200 132, 201 133, 202 134, 202 135, 190 121, 191 122, 192 123, 193 124, 194 125, 195 126, 196 127, 197 128, 198 129, 199 130, 200 131, 201 132, 202 133, 203 134, 203 135, 190 120, 191 121, 192 122, 193 123, 194 124, 195 125, 196 126, 197 127, 198 128, 199 129, 200 130, 201 131, 202 132, 203 133, 204 134, 204 135, 190 119, 191 120, 192 121, 193 122, 194 123, 195 124, 196 125, 197 126, 198 127, 199 128, 200 129, 201 130, 202 131, 203 132, 204 133, 205 134, 205 135, 190 118, 189 119, 191 119, 192 120, 193 121, 194 122, 195 123, 196 124, 197 125, 198 126, 199 127, 200 128, 201 129, 202 130, 203 131, 204 132, 205 133, 206 134, 206 135, 190 117, 191 118, 188 119, 192 119, 193 120, 194 121, 195 122, 196 123, 197 124, 198 125, 199 126, 200 127, 201 128, 202 129, 203 130, 204 131, 205 132, 206 133, 207 134, 207 135, 190 116, 189 117, 191 117, 192 118, 193 119, 194 120, 195 121, 196 122, 197 123, 198 124, 199 125, 200 126, 201 127, 202 128, 203 129, 204 130, 205 131, 206 132, 207 133, 208 134, 208 135, 190 115, 191 116, 192 117, 193 118, 194 119, 195 120, 196 121, 197 122, 198 123, 199 124, 200 125, 201 126, 202 127, 203 128, 204 129, 205 130, 206 131, 207 132, 208 133, 209 134, 209 135, 190 114, 189 115, 191 115, 192 116, 193 117, 194 118, 195 119, 196 120, 197 121, 198 122, 199 123, 200 124, 201 125, 202 126, 203 127, 204 128, 205 129, 206 130, 207 131, 208 132, 209 133, 210 134, 210 135, 190 113, 191 114, 192 115, 193 116, 194 117, 195 118, 196 119, 197 120, 198 121, 199 122, 200 123, 201 124, 202 125, 203 126, 204 127, 205 128, 206 129, 207 130, 208 131, 209 132, 210 133, 211 134, 211 135, 190 112, 191 113, 192 114, 193 115, 194 116, 195 117, 196 118, 197 119, 198 120, 199 121, 200 122, 201 123, 202 124, 203 125, 204 126, 205 127, 206 128, 207 129, 208 130, 209 131, 210 132, 211 133, 212 134, 212 135, 191 112, 192 113, 193 114, 194 115, 195 116, 196 117, 197 118, 198 119, 199 120, 200 121, 201 122, 202 123, 203 124, 204 125, 205 126, 206 127, 207 128, 208 129, 209 130, 210 131, 211 132, 212 133, 213 134, 213 135, 191 111, 192 112, 193 113, 194 114, 195 115, 196 116, 197 117, 198 118, 199 119, 200 120, 201 121, 202 122, 203 123, 204 124, 205 125, 206 126, 207 127, 208 128, 209 129, 210 130, 211 131, 212 132, 213 133, 191 110, 193 112, 194 113, 195 114, 196 115, 197 116, 198 117, 199 118, 200 119, 201 120, 202 121, 203 122, 204 123, 205 124, 206 125, 207 126, 208 127, 209 128, 210 129, 211 130, 212 131, 213 132, 193 111, 194 112, 195 113, 196 114, 197 115, 198 116, 199 117, 200 118, 201 119, 202 120, 203 121, 204 122, 205 123, 206 124, 207 125, 208 126, 209 127, 210 128, 211 129, 212 130, 213 131, 193 110, 194 111, 195 112, 196 113, 197 114, 198 115, 199 116, 200 117, 201 118, 202 119, 203 120, 204 121, 205 122, 206 123, 207 124, 208 125, 209 126, 210 127, 211 128, 212 129, 213 130, 193 109, 194 110, 195 111, 196 112, 197 113, 198 114, 199 115, 200 116, 201 117, 202 118, 203 119, 204 120, 205 121, 206 122, 207 123, 208 124, 209 125, 210 126, 211 127, 212 128, 213 129, 193 108, 192 109, 194 109, 195 110, 196 111, 197 112, 198 113, 199 114, 200 115, 201 116, 202 117, 203 118, 204 119, 205 120, 206 121, 207 122, 208 123, 209 124, 210 125, 211 126, 212 127, 213 128, 194 108, 195 109, 196 110, 197 111, 198 112, 199 113, 200 114, 201 115, 202 116, 203 117, 204 118, 205 119, 206 120, 207 121, 208 122, 209 123, 210 124, 211 125, 212 126, 213 127, 194 107, 195 108, 196 109, 197 110, 198 111, 199 112, 200 113, 201 114, 202 115, 203 116, 204 117, 205 118, 206 119, 207 120, 208 121, 209 122, 210 123, 211 124, 212 125, 213 126, 194 106, 195 107, 196 108, 197 109, 198 110, 199 111, 200 112, 201 113, 202 114, 203 115, 204 116, 205 117, 206 118, 207 119, 208 120, 209 121, 210 122, 211 123, 212 124, 213 125, 194 105, 195 106, 196 107, 197 108, 198 109, 199 110, 200 111, 201 112, 202 113, 203 114, 204 115, 205 116, 206 117, 207 118, 208 119, 209 120, 210 121, 211 122, 212 123, 213 124, 194 104, 195 105, 196 106, 197 107, 198 108, 199 109, 200 110, 201 111, 202 112, 203 113, 204 114, 205 115, 206 116, 207 117, 208 118, 209 119, 210 120, 211 121, 212 122, 213 123, 195 104, 196 105, 197 106, 198 107, 199 108, 200 109, 201 110, 202 111, 203 112, 204 113, 205 114, 206 115, 207 116, 208 117, 209 118, 210 119, 211 120, 212 121, 213 122, 195 103, 196 104, 197 105, 198 106, 199 107, 200 108, 201 109, 202 110, 203 111, 204 112, 205 113, 206 114, 207 115, 208 116, 209 117, 210 118, 211 119, 212 120, 213 121, 195 102, 196 103, 197 104, 198 105, 199 106, 200 107, 201 108, 202 109, 203 110, 204 111, 205 112, 206 113, 207 114, 208 115, 209 116, 210 117, 211 118, 212 119, 213 120, 195 101, 196 102, 197 103, 198 104, 199 105, 200 106, 201 107, 202 108, 203 109, 204 110, 205 111, 206 112, 207 113, 208 114, 209 115, 210 116, 211 117, 212 118, 213 119, 194 101, 196 101, 197 102, 198 103, 199 104, 200 105, 201 106, 202 107, 203 108, 204 109, 205 110, 206 111, 207 112, 208 113, 209 114, 210 115, 211 116, 212 117, 213 118, 194 100, 196 100, 197 101, 198 102, 199 103, 200 104, 201 105, 202 106, 203 107, 204 108, 205 109, 206 110, 207 111, 208 112, 209 113, 210 114, 211 115, 212 116, 213 117, 194 99, 196 99, 197 100, 198 101, 199 102, 200 103, 201 104, 202 105, 203 106, 204 107, 205 108, 206 109, 207 110, 208 111, 209 112, 210 113, 211 114, 212 115, 213 116, 194 98, 195 99, 196 98, 197 99, 198 100, 199 101, 200 102, 201 103, 202 104, 203 105, 204 106, 205 107, 206 108, 207 109, 208 110, 209 111, 210 112, 211 113, 212 114, 213 115, 195 98, 196 97, 197 98, 198 99, 199 100, 200 101, 201 102, 202 103, 203 104, 204 105, 205 106, 206 107, 207 108, 208 109, 209 110, 210 111, 211 112, 212 113, 213 114, 195 97, 196 96, 197 97, 198 98, 199 99, 200 100, 201 101, 202 102, 203 103, 204 104, 205 105, 206 106, 207 107, 208 108, 209 109, 210 110, 211 111, 212 112, 213 113, 195 96, 197 96, 198 97, 199 98, 200 99, 201 100, 202 101, 203 102, 204 103, 205 104, 206 105, 207 106, 208 107, 209 108, 210 109, 211 110, 212 111, 213 112, 195 95, 197 95, 198 96, 199 97, 200 98, 201 99, 202 100, 203 101, 204 102, 205 103, 206 104, 207 105, 208 106, 209 107, 210 108, 211 109, 212 110, 213 111, 198 95, 199 96, 200 97, 201 98, 202 99, 203 100, 204 101, 205 102, 206 103, 207 104, 208 105, 209 106, 210 107, 211 108, 212 109, 213 110, 198 94, 199 95, 200 96, 201 97, 202 98, 203 99, 204 100, 205 101, 206 102, 207 103, 208 104, 209 105, 210 106, 211 107, 212 108, 213 109, 198 93, 199 94, 200 95, 201 96, 202 97, 203 98, 204 99, 205 100, 206 101, 207 102, 208 103, 209 104, 210 105, 211 106, 212 107, 213 108, 198 92, 197 93, 199 93, 200 94, 201 95, 202 96, 203 97, 204 98, 205 99, 206 100, 207 101, 208 102, 209 103, 210 104, 211 105, 212 106, 213 107, 198 91, 197 92, 199 92, 196 93, 200 93, 201 94, 202 95, 203 96, 204 97, 205 98, 206 99, 207 100, 208 101, 209 102, 210 103, 211 104, 212 105, 213 106, 198 90, 197 91, 199 91, 196 92, 200 92, 196 94, 201 93, 202 94, 203 95, 204 96, 205 97, 206 98, 207 99, 208 100, 209 101, 210 102, 211 103, 212 104, 213 105, 198 89, 197 90, 199 90, 196 91, 200 91, 201 92, 202 93, 203 94, 204 95, 205 96, 206 97, 207 98, 208 99, 209 100, 210 101, 211 102, 212 103, 213 104, 198 88, 197 89, 199 89, 200 90, 201 91, 202 92, 203 93, 204 94, 205 95, 206 96, 207 97, 208 98, 209 99, 210 100, 211 101, 212 102, 213 103, 198 87, 197 88, 199 88, 200 89, 201 90, 202 91, 203 92, 204 93, 205 94, 206 95, 207 96, 208 97, 209 98, 210 99, 211 100, 212 101, 213 102, 198 86, 197 87, 199 87, 200 88, 201 89, 202 90, 203 91, 204 92, 205 93, 206 94, 207 95, 208 96, 209 97, 210 98, 211 99, 212 100, 213 101, 198 85, 197 86, 199 86, 200 87, 201 88, 202 89, 203 90, 204 91, 205 92, 206 93, 207 94, 208 95, 209 96, 210 97, 211 98, 212 99, 213 100, 198 84, 197 85, 199 85, 196 86, 200 86, 201 87, 202 88, 203 89, 204 90, 205 91, 206 92, 207 93, 208 94, 209 95, 210 96, 211 97, 212 98, 213 99, 198 83, 197 84, 199 84, 200 85, 201 86, 202 87, 203 88, 204 89, 205 90, 206 91, 207 92, 208 93, 209 94, 210 95, 211 96, 212 97, 213 98, 198 82, 197 83, 199 83, 200 84, 201 85, 202 86, 203 87, 204 88, 205 89, 206 90, 207 91, 208 92, 209 93, 210 94, 211 95, 212 96, 213 97, 198 81, 197 82, 199 82, 200 83, 201 84, 202 85, 203 86, 204 87, 205 88, 206 89, 207 90, 208 91, 209 92, 210 93, 211 94, 212 95, 213 96, 198 80, 197 81, 199 81, 196 82, 200 82, 201 83, 202 84, 203 85, 204 86, 205 87, 206 88, 207 89, 208 90, 209 91, 210 92, 211 93, 212 94, 213 95, 198 79, 197 80, 199 80, 200 81, 201 82, 202 83, 203 84, 204 85, 205 86, 206 87, 207 88, 208 89, 209 90, 210 91, 211 92, 212 93, 213 94, 198 78, 197 79, 199 79, 196 80, 200 80, 201 81, 202 82, 203 83, 204 84, 205 85, 206 86, 207 87, 208 88, 209 89, 210 90, 211 91, 212 92, 213 93, 198 77, 197 78, 199 78, 200 79, 201 80, 202 81, 203 82, 204 83, 205 84, 206 85, 207 86, 208 87, 209 88, 210 89, 211 90, 212 91, 213 92, 198 76, 197 77, 199 77, 200 78, 201 79, 202 80, 203 81, 204 82, 205 83, 206 84, 207 85, 208 86, 209 87, 210 88, 211 89, 212 90, 213 91, 198 75, 197 76, 199 76, 200 77, 201 78, 202 79, 203 80, 204 81, 205 82, 206 83, 207 84, 208 85, 209 86, 210 87, 211 88, 212 89, 213 90, 198 74, 197 75, 199 75, 196 76, 200 76, 201 77, 202 78, 203 79, 204 80, 205 81, 206 82, 207 83, 208 84, 209 85, 210 86, 211 87, 212 88, 213 89, 198 73, 197 74, 199 74, 196 75, 200 75, 195 76, 201 76, 202 77, 203 78, 204 79, 205 80, 206 81, 207 82, 208 83, 209 84, 210 85, 211 86, 212 87, 213 88, 198 72, 197 73, 199 73, 196 74, 200 74, 201 75, 202 76, 203 77, 204 78, 205 79, 206 80, 207 81, 208 82, 209 83, 210 84, 211 85, 212 86, 213 87, 198 71, 197 72, 199 72, 196 73, 200 73, 201 74, 202 75, 203 76, 204 77, 205 78, 206 79, 207 80, 208 81, 209 82, 210 83, 211 84, 212 85, 213 86, 198 70, 197 71, 199 71, 196 72, 200 72, 195 73, 201 73, 202 74, 203 75, 204 76, 205 77, 206 78, 207 79, 208 80, 209 81, 210 82, 211 83, 212 84, 213 85, 198 69, 197 70, 199 70, 196 71, 200 71, 201 72, 202 73, 203 74, 204 75, 205 76, 206 77, 207 78, 208 79, 209 80, 210 81, 211 82, 212 83, 213 84, 198 68, 197 69, 199 69, 196 70, 200 70, 195 71, 201 71, 202 72, 203 73, 204 74, 205 75, 206 76, 207 77, 208 78, 209 79, 210 80, 211 81, 212 82, 213 83, 198 67, 197 68, 199 68, 196 69, 200 69, 195 70, 201 70, 202 71, 203 72, 204 73, 205 74, 206 75, 207 76, 208 77, 209 78, 210 79, 211 80, 212 81, 213 82, 198 66, 197 67, 199 67, 196 68, 200 68, 195 69, 201 69, 202 70, 203 71, 204 72, 205 73, 206 74, 207 75, 208 76, 209 77, 210 78, 211 79, 212 80, 213 81, 198 65, 197 66, 199 66, 196 67, 200 67, 195 68, 201 68, 202 69, 203 70, 204 71, 205 72, 206 73, 207 74, 208 75, 209 76, 210 77, 211 78, 212 79, 213 80, 198 64, 197 65, 199 65, 196 66, 200 66, 195 67, 201 67, 202 68, 203 69, 204 70, 205 71, 206 72, 207 73, 208 74, 209 75, 210 76, 211 77, 212 78, 213 79, 198 63, 197 64, 199 64, 196 65, 200 65, 195 66, 201 66, 194 67, 202 67, 203 68, 204 69, 205 70, 206 71, 207 72, 208 73, 209 74, 210 75, 211 76, 212 77, 213 78, 198 62, 197 63, 199 63, 196 64, 200 64, 195 65, 201 65, 202 66, 203 67, 204 68, 205 69, 206 70, 207 71, 208 72, 209 73, 210 74, 211 75, 212 76, 213 77, 198 61, 197 62, 199 62, 196 63, 200 63, 201 64, 202 65, 203 66, 204 67, 205 68, 206 69, 207 70, 208 71, 209 72, 210 73, 211 74, 212 75, 213 76, 198 60, 197 61, 199 61, 196 62, 200 62, 195 63, 201 63, 202 64, 203 65, 204 66, 205 67, 206 68, 207 69, 208 70, 209 71, 210 72, 211 73, 212 74, 213 75, 198 59, 197 60, 199 60, 196 61, 200 61, 195 62, 201 62, 194 63, 202 63, 203 64, 204 65, 205 66, 206 67, 207 68, 208 69, 209 70, 210 71, 211 72, 212 73, 213 74, 198 58, 197 59, 199 59, 196 60, 200 60, 195 61, 201 61, 194 62, 202 62, 194 64, 203 63, 204 64, 205 65, 206 66, 207 67, 208 68, 209 69, 210 70, 211 71, 212 72, 213 73, 198 57, 197 58, 199 58, 196 59, 200 59, 195 60, 201 60, 194 61, 202 61, 203 62, 204 63, 205 64, 206 65, 207 66, 208 67, 209 68, 210 69, 211 70, 212 71, 213 72, 198 56, 197 57, 199 57, 196 58, 200 58, 195 59, 201 59, 202 60, 203 61, 204 62, 205 63, 206 64, 207 65, 208 66, 209 67, 210 68, 211 69, 212 70, 213 71, 198 55, 197 56, 199 56, 196 57, 200 57, 195 58, 201 58, 202 59, 203 60, 204 61, 205 62, 206 63, 207 64, 208 65, 209 66, 210 67, 211 68, 212 69, 213 70, 198 54, 197 55, 199 55, 196 56, 200 56, 195 57, 201 57, 194 58, 202 58, 203 59, 204 60, 205 61, 206 62, 207 63, 208 64, 209 65, 210 66, 211 67, 212 68, 213 69, 198 53, 197 54, 199 54, 196 55, 200 55, 195 56, 201 56, 194 57, 202 57, 203 58, 204 59, 205 60, 206 61, 207 62, 208 63, 209 64, 210 65, 211 66, 212 67, 213 68, 198 52, 197 53, 199 53, 196 54, 200 54, 195 55, 201 55, 194 56, 202 56, 203 57, 204 58, 205 59, 206 60, 207 61, 208 62, 209 63, 210 64, 211 65, 212 66, 213 67, 198 51, 197 52, 199 52, 196 53, 200 53, 195 54, 201 54, 194 55, 202 55, 203 56, 204 57, 205 58, 206 59, 207 60, 208 61, 209 62, 210 63, 211 64, 212 65, 213 66, 198 50, 197 51, 199 51, 196 52, 200 52, 195 53, 201 53, 194 54, 202 54, 203 55, 204 56, 205 57, 206 58, 207 59, 208 60, 209 61, 210 62, 211 63, 212 64, 213 65, 198 49, 197 50, 199 50, 196 51, 200 51, 195 52, 201 52, 194 53, 202 53, 203 54, 204 55, 205 56, 206 57, 207 58, 208 59, 209 60, 210 61, 211 62, 212 63, 213 64, 198 48, 197 49, 199 49, 196 50, 200 50, 195 51, 201 51, 194 52, 202 52, 203 53, 204 54, 205 55, 206 56, 207 57, 208 58, 209 59, 210 60, 211 61, 212 62, 213 63, 198 47, 197 48, 199 48, 196 49, 200 49, 195 50, 201 50, 202 51, 203 52, 204 53, 205 54, 206 55, 207 56, 208 57, 209 58, 210 59, 211 60, 212 61, 213 62, 198 46, 197 47, 199 47, 196 48, 200 48, 195 49, 201 49, 194 50, 202 50, 203 51, 204 52, 205 53, 206 54, 207 55, 208 56, 209 57, 210 58, 211 59, 212 60, 213 61, 198 45, 197 46, 199 46, 196 47, 200 47, 195 48, 201 48, 194 49, 202 49, 193 50, 203 50, 204 51, 205 52, 206 53, 207 54, 208 55, 209 56, 210 57, 211 58, 212 59, 213 60, 198 44, 197 45, 199 45, 196 46, 200 46, 195 47, 201 47, 194 48, 202 48, 193 49, 203 49, 204 50, 205 51, 206 52, 207 53, 208 54, 209 55, 210 56, 211 57, 212 58, 213 59, 198 43, 197 44, 199 44, 196 45, 200 45, 195 46, 201 46, 194 47, 202 47, 193 48, 203 48, 204 49, 205 50, 206 51, 207 52, 208 53, 209 54, 210 55, 211 56, 212 57, 213 58, 198 42, 197 43, 199 43, 196 44, 200 44, 195 45, 201 45, 194 46, 202 46, 193 47, 203 47, 204 48, 205 49, 206 50, 207 51, 208 52, 209 53, 210 54, 211 55, 212 56, 213 57, 198 41, 197 42, 199 42, 196 43, 200 43, 195 44, 201 44, 194 45, 202 45, 193 46, 203 46, 204 47, 205 48, 206 49, 207 50, 208 51, 209 52, 210 53, 211 54, 212 55, 213 56, 198 40, 197 41, 199 41, 196 42, 200 42, 195 43, 201 43, 194 44, 202 44, 203 45, 204 46, 205 47, 206 48, 207 49, 208 50, 209 51, 210 52, 211 53, 212 54, 213 55, 198 39, 197 40, 199 40, 196 41, 200 41, 195 42, 201 42, 194 43, 202 43, 193 44, 203 44, 204 45, 205 46, 206 47, 207 48, 208 49, 209 50, 210 51, 211 52, 212 53, 213 54, 198 38, 197 39, 199 39, 196 40, 200 40, 195 41, 201 41, 194 42, 202 42, 193 43, 203 43, 204 44, 205 45, 206 46, 207 47, 208 48, 209 49, 210 50, 211 51, 212 52, 213 53, 198 37, 197 38, 199 38, 196 39, 200 39, 195 40, 201 40, 194 41, 202 41, 193 42, 203 42, 192 43, 204 43, 205 44, 206 45, 207 46, 208 47, 209 48, 210 49, 211 50, 212 51, 213 52, 198 36, 197 37, 199 37, 196 38, 200 38, 195 39, 201 39, 202 40, 193 41, 203 41, 192 42, 204 42, 205 43, 206 44, 207 45, 208 46, 209 47, 210 48, 211 49, 212 50, 213 51, 198 35, 197 36, 199 36, 196 37, 200 37, 195 38, 201 38, 194 39, 202 39, 203 40, 193 40, 204 41, 205 42, 206 43, 207 44, 208 45, 209 46, 210 47, 211 48, 212 49, 213 50, 198 34, 197 35, 199 35, 196 36, 200 36, 195 37, 201 37, 194 38, 202 38, 193 39, 203 39, 204 40, 205 41, 206 42, 207 43, 208 44, 209 45, 210 46, 211 47, 212 48, 213 49, 198 33, 197 34, 199 34, 196 35, 200 35, 195 36, 201 36, 194 37, 202 37, 193 38, 203 38, 192 39, 204 39, 205 40, 206 41, 207 42, 208 43, 209 44, 210 45, 211 46, 212 47, 213 48, 198 32, 197 33, 199 33, 196 34, 200 34, 195 35, 201 35, 194 36, 202 36, 193 37, 203 37, 192 38, 204 38, 205 39, 206 40, 207 41, 208 42, 209 43, 210 44, 211 45, 212 46, 213 47, 198 31, 197 32, 199 32, 196 33, 200 33, 195 34, 201 34, 194 35, 202 35, 193 36, 203 36, 204 37, 205 38, 206 39, 207 40, 208 41, 209 42, 210 43, 211 44, 212 45, 213 46, 198 30, 197 31, 199 31, 196 32, 200 32, 195 33, 201 33, 194 34, 202 34, 193 35, 203 35, 204 36, 205 37, 206 38, 207 39, 208 40, 209 41, 210 42, 211 43, 212 44, 213 45, 198 29, 197 30, 199 30, 196 31, 200 31, 195 32, 201 32, 194 33, 202 33, 193 34, 203 34, 204 35, 205 36, 206 37, 207 38, 208 39, 209 40, 210 41, 211 42, 212 43, 213 44, 198 28, 197 29, 199 29, 196 30, 200 30, 195 31, 201 31, 194 32, 202 32, 193 33, 203 33, 204 34, 205 35, 206 36, 207 37, 208 38, 209 39, 210 40, 211 41, 212 42, 213 43, 198 27, 197 28, 199 28, 196 29, 200 29, 195 30, 201 30, 194 31, 202 31, 193 32, 203 32, 192 33, 204 33, 205 34, 206 35, 207 36, 208 37, 209 38, 210 39, 211 40, 212 41, 213 42, 198 26, 197 27, 199 27, 196 28, 200 28, 195 29, 201 29, 194 30, 202 30, 193 31, 203 31, 192 32, 204 32, 205 33, 206 34, 207 35, 208 36, 209 37, 210 38, 211 39, 212 40, 213 41, 198 25, 197 26, 199 26, 196 27, 200 27, 195 28, 201 28, 194 29, 202 29, 193 30, 203 30, 192 31, 204 31, 205 32, 206 33, 207 34, 208 35, 209 36, 210 37, 211 38, 212 39, 213 40, 198 24, 197 25, 199 25, 196 26, 200 26, 195 27, 201 27, 194 28, 202 28, 193 29, 203 29, 192 30, 204 30, 191 31, 205 31, 206 32, 207 33, 208 34, 209 35, 210 36, 211 37, 212 38, 213 39, 198 23, 197 24, 199 24, 196 25, 200 25, 195 26, 201 26, 194 27, 202 27, 193 28, 203 28, 192 29, 204 29, 205 30, 206 31, 207 32, 208 33, 209 34, 210 35, 211 36, 212 37, 213 38, 198 22, 197 23, 199 23, 196 24, 200 24, 195 25, 201 25, 194 26, 202 26, 193 27, 203 27, 192 28, 204 28, 191 29, 205 29, 206 30, 207 31, 208 32, 209 33, 210 34, 211 35, 212 36, 213 37, 198 21, 197 22, 199 22, 196 23, 200 23, 195 24, 201 24, 194 25, 202 25, 193 26, 203 26, 192 27, 204 27, 205 28, 206 29, 207 30, 208 31, 209 32, 210 33, 211 34, 212 35, 213 36, 198 20, 197 21, 199 21, 196 22, 200 22, 195 23, 201 23, 194 24, 202 24, 193 25, 203 25, 204 26, 191 27, 205 27, 206 28, 207 29, 208 30, 209 31, 210 32, 211 33, 212 34, 213 35, 198 19, 197 20, 199 20, 196 21, 200 21, 195 22, 201 22, 194 23, 202 23, 193 24, 203 24, 192 25, 204 25, 205 26, 206 27, 207 28, 208 29, 209 30, 210 31, 211 32, 212 33, 213 34, 198 18, 197 19, 199 19, 196 20, 200 20, 195 21, 201 21, 194 22, 202 22, 193 23, 203 23, 192 24, 204 24, 191 25, 205 25, 206 26, 207 27, 208 28, 209 29, 210 30, 211 31, 212 32, 213 33, 198 17, 197 18, 199 18, 196 19, 200 19, 195 20, 201 20, 194 21, 202 21, 193 22, 203 22, 192 23, 204 23, 205 24, 206 25, 207 26, 208 27, 209 28, 210 29, 211 30, 212 31, 213 32, 198 16, 197 17, 199 17, 196 18, 200 18, 195 19, 201 19, 194 20, 202 20, 193 21, 203 21, 192 22, 204 22, 191 23, 205 23, 206 24, 207 25, 208 26, 209 27, 210 28, 211 29, 212 30, 213 31, 198 15, 197 16, 199 16, 196 17, 200 17, 195 18, 201 18, 194 19, 202 19, 193 20, 203 20, 192 21, 204 21, 205 22, 206 23, 207 24, 208 25, 209 26, 210 27, 211 28, 212 29, 213 30, 198 14, 197 15, 199 15, 196 16, 200 16, 195 17, 201 17, 194 18, 202 18, 193 19, 203 19, 192 20, 204 20, 191 21, 205 21, 206 22, 207 23, 208 24, 209 25, 210 26, 211 27, 212 28, 213 29, 198 13, 197 14, 199 14, 196 15, 200 15, 195 16, 201 16, 194 17, 202 17, 193 18, 203 18, 192 19, 204 19, 191 20, 205 20, 206 21, 207 22, 208 23, 209 24, 210 25, 211 26, 212 27, 213 28, 198 12, 197 13, 199 13, 196 14, 200 14, 195 15, 201 15, 194 16, 202 16, 193 17, 203 17, 192 18, 204 18, 205 19, 206 20, 207 21, 208 22, 209 23, 210 24, 211 25, 212 26, 213 27, 198 11, 197 12, 199 12, 196 13, 200 13, 195 14, 201 14, 194 15, 202 15, 193 16, 203 16, 192 17, 204 17, 191 18, 205 18, 206 19, 207 20, 208 21, 209 22, 210 23, 211 24, 212 25, 213 26, 198 10, 197 11, 199 11, 196 12, 200 12, 195 13, 201 13, 194 14, 202 14, 193 15, 203 15, 192 16, 204 16, 191 17, 205 17, 206 18, 207 19, 208 20, 209 21, 210 22, 211 23, 212 24, 213 25, 198 9, 197 10, 199 10, 196 11, 200 11, 195 12, 201 12, 194 13, 202 13, 193 14, 203 14, 192 15, 204 15, 191 16, 205 16, 206 17, 207 18, 208 19, 209 20, 210 21, 211 22, 212 23, 213 24, 198 8, 197 9, 199 9, 196 10, 200 10, 195 11, 201 11, 194 12, 202 12, 193 13, 203 13, 192 14, 204 14, 191 15, 205 15, 206 16, 207 17, 208 18, 209 19, 210 20, 211 21, 212 22, 213 23, 198 7, 197 8, 199 8, 196 9, 200 9, 195 10, 201 10, 194 11, 202 11, 193 12, 203 12, 192 13, 204 13, 191 14, 205 14, 190 15, 206 15, 207 16, 208 17, 209 18, 210 19, 211 20, 212 21, 213 22, 198 6, 197 7, 199 7, 196 8, 200 8, 195 9, 201 9, 194 10, 202 10, 193 11, 203 11, 192 12, 204 12, 191 13, 205 13, 190 14, 206 14, 207 15, 208 16, 209 17, 210 18, 211 19, 212 20, 213 21, 198 5, 197 6, 199 6, 196 7, 200 7, 195 8, 201 8, 194 9, 202 9, 193 10, 203 10, 192 11, 204 11, 191 12, 205 12, 190 13, 206 13, 207 14, 208 15, 209 16, 210 17, 211 18, 212 19, 213 20, 198 4, 197 5, 199 5, 196 6, 200 6, 195 7, 201 7, 194 8, 202 8, 193 9, 203 9, 192 10, 204 10, 191 11, 205 11, 190 12, 206 12, 207 13, 208 14, 209 15, 210 16, 211 17, 212 18, 213 19, 198 3, 197 4, 199 4, 196 5, 200 5, 195 6, 201 6, 194 7, 202 7, 193 8, 203 8, 192 9, 204 9, 191 10, 205 10, 190 11, 206 11, 189 12, 207 12, 208 13, 209 14, 210 15, 211 16, 212 17, 213 18, 198 2, 197 3, 199 3, 196 4, 200 4, 195 5, 201 5, 194 6, 202 6, 193 7, 203 7, 192 8, 204 8, 191 9, 205 9, 190 10, 206 10, 207 11, 208 12, 209 13, 210 14, 211 15, 212 16, 213 17, 198 1, 197 2, 199 2, 196 3, 200 3, 195 4, 201 4, 194 5, 202 5, 193 6, 203 6, 192 7, 204 7, 191 8, 205 8, 190 9, 206 9, 207 10, 208 11, 209 12, 210 13, 211 14, 212 15, 213 16, 198 0, 197 1, 199 1, 196 2, 200 2, 195 3, 201 3, 194 4, 202 4, 193 5, 203 5, 192 6, 204 6, 191 7, 205 7, 190 8, 206 8, 207 9, 208 10, 209 11, 210 12, 211 13, 212 14, 213 15, 197 0, 199 0, 196 1, 200 1, 195 2, 201 2, 194 3, 202 3, 193 4, 203 4, 192 5, 204 5, 191 6, 205 6, 190 7, 206 7, 207 8, 208 9, 209 10, 210 11, 211 12, 212 13, 213 14, 196 0, 200 0, 195 1, 201 1, 194 2, 202 2, 193 3, 203 3, 192 4, 204 4, 191 5, 205 5, 190 6, 206 6, 189 7, 207 7, 208 8, 209 9, 210 10, 211 11, 212 12, 213 13, 195 0, 201 0, 194 1, 202 1, 193 2, 203 2, 192 3, 204 3, 191 4, 205 4, 190 5, 206 5, 189 6, 207 6, 208 7, 209 8, 210 9, 211 10, 212 11, 213 12, 194 0, 202 0, 193 1, 203 1, 192 2, 204 2, 191 3, 205 3, 190 4, 206 4, 189 5, 207 5, 188 6, 208 6, 209 7, 210 8, 211 9, 212 10, 213 11, 193 0, 203 0, 192 1, 204 1, 191 2, 205 2, 190 3, 206 3, 189 4, 207 4, 188 5, 208 5, 209 6, 210 7, 211 8, 212 9, 213 10, 192 0, 204 0, 191 1, 205 1, 190 2, 206 2, 189 3, 207 3, 188 4, 208 4, 209 5, 210 6, 211 7, 212 8, 213 9, 191 0, 205 0, 190 1, 206 1, 189 2, 207 2, 208 3, 209 4, 210 5, 211 6, 212 7, 213 8, 190 0, 206 0, 189 1, 207 1, 188 2, 208 2, 209 3, 210 4, 211 5, 212 6, 213 7, 189 0, 207 0, 188 1, 208 1, 209 2, 210 3, 211 4, 212 5, 213 6, 188 0, 208 0, 209 1, 210 2, 211 3, 212 4, 213 5, 209 0, 210 1, 211 2, 212 3, 213 4, 210 0, 211 1, 212 2, 213 3, 211 0, 212 1, 213 2, 212 0, 213 1, 213 0

186 4

187 3

187 116, 188 116

